x t u_exact u_numerical
0 0 0 0
0.1 0 0.309017 0.309017
0.2 0 0.587785 0.587785
0.3 0 0.809017 0.809017
0.4 0 0.951057 0.951057
0.5 0 1 1
0.6 0 0.951057 0.951057
0.7 0 0.809017 0.809017
0.8 0 0.587785 0.587785
0.9 0 0.309017 0.309017
1 0 0 1.22465e-16

0 0.01 0 0
0.1 0.01 0.279975 0.278768
0.2 0.01 0.532544 0.530249
0.3 0.01 0.732984 0.729825
0.4 0.01 0.861674 0.85796
0.5 0.01 0.906018 0.902113
0.6 0.01 0.861674 0.85796
0.7 0.01 0.732984 0.729825
0.8 0.01 0.532544 0.530249
0.9 0.01 0.279975 0.278768
1 0.01 0 0

0 0.02 0 0
0.1 0.02 0.253662 0.25148
0.2 0.02 0.482495 0.478344
0.3 0.02 0.664097 0.658384
0.4 0.02 0.780693 0.773977
0.5 0.02 0.820869 0.813808
0.6 0.02 0.780693 0.773977
0.7 0.02 0.664097 0.658384
0.8 0.02 0.482495 0.478344
0.9 0.02 0.253662 0.25148
1 0.02 0 0

0 0.03 0 0
0.1 0.03 0.229823 0.226864
0.2 0.03 0.437149 0.431521
0.3 0.03 0.601684 0.593937
0.4 0.03 0.707322 0.698215
0.5 0.03 0.743722 0.734147
0.6 0.03 0.707322 0.698215
0.7 0.03 0.601684 0.593937
0.8 0.03 0.437149 0.431521
0.9 0.03 0.229823 0.226864
1 0.03 0 0

0 0.04 0 0
0.1 0.04 0.208224 0.204657
0.2 0.04 0.396065 0.38928
0.3 0.04 0.545136 0.535798
0.4 0.04 0.640846 0.629869
0.5 0.04 0.673825 0.662283
0.6 0.04 0.640846 0.629869
0.7 0.04 0.545136 0.535798
0.8 0.04 0.396065 0.38928
0.9 0.04 0.208224 0.204657
1 0.04 0 0

0 0.05 0 0
0.1 0.05 0.188654 0.184624
0.2 0.05 0.358842 0.351175
0.3 0.05 0.493903 0.483351
0.4 0.05 0.580618 0.568213
0.5 0.05 0.610498 0.597454
0.6 0.05 0.580618 0.568213
0.7 0.05 0.493903 0.483351
0.8 0.05 0.358842 0.351175
0.9 0.05 0.188654 0.184624
1 0.05 0 0

0 0.06 0 0
0.1 0.06 0.170924 0.166551
0.2 0.06 0.325117 0.316799
0.3 0.06 0.447485 0.436037
0.4 0.06 0.526051 0.512592
0.5 0.06 0.553122 0.538971
0.6 0.06 0.526051 0.512592
0.7 0.06 0.447485 0.436037
0.8 0.06 0.325117 0.316799
0.9 0.06 0.170924 0.166551
1 0.06 0 0

0 0.07 0 0
0.1 0.07 0.15486 0.150248
0.2 0.07 0.294562 0.285789
0.3 0.07 0.40543 0.393355
0.4 0.07 0.476611 0.462416
0.5 0.07 0.501139 0.486213
0.6 0.07 0.476611 0.462416
0.7 0.07 0.40543 0.393355
0.8 0.07 0.294562 0.285789
0.9 0.07 0.15486 0.150248
1 0.07 0 0

0 0.08 0 0
0.1 0.08 0.140306 0.135541
0.2 0.08 0.266878 0.257814
0.3 0.08 0.367327 0.35485
0.4 0.08 0.431818 0.417152
0.5 0.08 0.454041 0.438619
0.6 0.08 0.431818 0.417152
0.7 0.08 0.367327 0.35485
0.8 0.08 0.266878 0.257814
0.9 0.08 0.140306 0.135541
1 0.08 0 0

0 0.09 0 0
0.1 0.09 0.12712 0.122273
0.2 0.09 0.241797 0.232577
0.3 0.09 0.332805 0.320115
0.4 0.09 0.391235 0.376318
0.5 0.09 0.411369 0.395684
0.6 0.09 0.391235 0.376318
0.7 0.09 0.332805 0.320115
0.8 0.09 0.241797 0.232577
0.9 0.09 0.12712 0.122273
1 0.09 0 0

0 0.1 0 0
0.1 0.1 0.115173 0.110304
0.2 0.1 0.219072 0.209811
0.3 0.1 0.301527 0.28878
0.4 0.1 0.354466 0.339481
0.5 0.1 0.372708 0.356952
0.6 0.1 0.354466 0.339481
0.7 0.1 0.301527 0.28878
0.8 0.1 0.219072 0.209811
0.9 0.1 0.115173 0.110304
1 0.1 0 0

0 0.11 0 0
0.1 0.11 0.104349 0.0995068
0.2 0.11 0.198483 0.189273
0.3 0.11 0.273189 0.260512
0.4 0.11 0.321153 0.306251
0.5 0.11 0.33768 0.322011
0.6 0.11 0.321153 0.306251
0.7 0.11 0.273189 0.260512
0.8 0.11 0.198483 0.189273
0.9 0.11 0.104349 0.0995068
1 0.11 0 0

0 0.12 0 0
0.1 0.12 0.094542 0.0897664
0.2 0.12 0.179829 0.170746
0.3 0.12 0.247514 0.235012
0.4 0.12 0.29097 0.276273
0.5 0.12 0.305944 0.29049
0.6 0.12 0.29097 0.276273
0.7 0.12 0.247514 0.235012
0.8 0.12 0.179829 0.170746
0.9 0.12 0.094542 0.0897664
1 0.12 0 0

0 0.13 0 0
0.1 0.13 0.0856567 0.0809794
0.2 0.13 0.162929 0.154032
0.3 0.13 0.224252 0.212007
0.4 0.13 0.263624 0.249229
0.5 0.13 0.277191 0.262055
0.6 0.13 0.263624 0.249229
0.7 0.13 0.224252 0.212007
0.8 0.13 0.162929 0.154032
0.9 0.13 0.0856567 0.0809794
1 0.13 0 0

0 0.14 0 0
0.1 0.14 0.0776065 0.0730526
0.2 0.14 0.147616 0.138954
0.3 0.14 0.203177 0.191254
0.4 0.14 0.238848 0.224833
0.5 0.14 0.25114 0.236403
0.6 0.14 0.238848 0.224833
0.7 0.14 0.203177 0.191254
0.8 0.14 0.147616 0.138954
0.9 0.14 0.0776065 0.0730526
1 0.14 0 0

0 0.15 0 0
0.1 0.15 0.0703129 0.0659017
0.2 0.15 0.133743 0.125353
0.3 0.15 0.184082 0.172533
0.4 0.15 0.216401 0.202825
0.5 0.15 0.227537 0.213262
0.6 0.15 0.216401 0.202825
0.7 0.15 0.184082 0.172533
0.8 0.15 0.133743 0.125353
0.9 0.15 0.0703129 0.0659017
1 0.15 0 0

0 0.16 0 0
0.1 0.16 0.0637048 0.0594508
0.2 0.16 0.121174 0.113082
0.3 0.16 0.166781 0.155644
0.4 0.16 0.196063 0.182971
0.5 0.16 0.206153 0.192387
0.6 0.16 0.196063 0.182971
0.7 0.16 0.166781 0.155644
0.8 0.16 0.121174 0.113082
0.9 0.16 0.0637048 0.0594508
1 0.16 0 0

0 0.17 0 0
0.1 0.17 0.0577177 0.0536313
0.2 0.17 0.109786 0.102013
0.3 0.17 0.151107 0.140409
0.4 0.17 0.177637 0.16506
0.5 0.17 0.186778 0.173555
0.6 0.17 0.177637 0.16506
0.7 0.17 0.151107 0.140409
0.8 0.17 0.109786 0.102013
0.9 0.17 0.0577177 0.0536313
1 0.17 0 0

0 0.18 0 0
0.1 0.18 0.0522933 0.0483815
0.2 0.18 0.0994677 0.0920271
0.3 0.18 0.136906 0.126664
0.4 0.18 0.160942 0.148903
0.5 0.18 0.169225 0.156566
0.6 0.18 0.160942 0.148903
0.7 0.18 0.136906 0.126664
0.8 0.18 0.0994677 0.0920271
0.9 0.18 0.0522933 0.0483815
1 0.18 0 0

0 0.19 0 0
0.1 0.19 0.0473786 0.0436456
0.2 0.19 0.0901195 0.0830189
0.3 0.19 0.124039 0.114266
0.4 0.19 0.145816 0.134327
0.5 0.19 0.15332 0.14124
0.6 0.19 0.145816 0.134327
0.7 0.19 0.124039 0.114266
0.8 0.19 0.0901195 0.0830189
0.9 0.19 0.0473786 0.0436456
1 0.19 0 0

0 0.2 0 0
0.1 0.2 0.0429259 0.0393733
0.2 0.2 0.0816499 0.0748924
0.3 0.2 0.112381 0.103081
0.4 0.2 0.132112 0.121178
0.5 0.2 0.138911 0.127415
0.6 0.2 0.132112 0.121178
0.7 0.2 0.112381 0.103081
0.8 0.2 0.0816499 0.0748924
0.9 0.2 0.0429259 0.0393733
1 0.2 0 0

0 0.21 0 0
0.1 0.21 0.0388916 0.0355191
0.2 0.21 0.0739763 0.0675615
0.3 0.21 0.10182 0.0929902
0.4 0.21 0.119696 0.109317
0.5 0.21 0.125856 0.114942
0.6 0.21 0.119696 0.109317
0.7 0.21 0.10182 0.0929903
0.8 0.21 0.0739763 0.0675615
0.9 0.21 0.0388916 0.0355191
1 0.21 0 0

0 0.22 0 0
0.1 0.22 0.0352365 0.0320424
0.2 0.22 0.0670239 0.0609479
0.3 0.22 0.0922504 0.083888
0.4 0.22 0.108447 0.0986158
0.5 0.22 0.114028 0.103691
0.6 0.22 0.108447 0.0986158
0.7 0.22 0.0922504 0.0838879
0.8 0.22 0.0670239 0.0609479
0.9 0.22 0.0352365 0.0320423
1 0.22 0 0

0 0.23 0 0
0.1 0.23 0.0319249 0.0289055
0.2 0.23 0.0607248 0.0549825
0.3 0.23 0.0835806 0.0756756
0.4 0.23 0.0982548 0.0889635
0.5 0.23 0.103311 0.0935403
0.6 0.23 0.0982548 0.0889634
0.7 0.23 0.0835806 0.0756758
0.8 0.23 0.0607248 0.0549823
0.9 0.23 0.0319249 0.0289056
1 0.23 0 0

0 0.24 0 0
0.1 0.24 0.0289246 0.026077
0.2 0.24 0.0550178 0.0495987
0.3 0.24 0.0757255 0.0682703
0.4 0.24 0.0890207 0.0802525
0.5 0.24 0.0936019 0.0843865
0.6 0.24 0.0890207 0.0802527
0.7 0.24 0.0757255 0.0682699
0.8 0.24 0.0550178 0.049599
0.9 0.24 0.0289246 0.0260767
1 0.24 0 0

0 0.25 0 0
0.1 0.25 0.0262062 0.0235217
0.2 0.25 0.0498471 0.0447486
0.3 0.25 0.0686087 0.0615809
0.4 0.25 0.0806543 0.0724043
0.5 0.25 0.084805 0.0761187
0.6 0.25 0.0806543 0.0724037
0.7 0.25 0.0686087 0.0615818
0.8 0.25 0.0498471 0.0447476
0.9 0.25 0.0262062 0.0235223
1 0.25 0 0

0 0.26 0 0
0.1 0.26 0.0237433 0.0212269
0.2 0.26 0.0451624 0.040354
0.3 0.26 0.0621607 0.0555721
0.4 0.26 0.0730743 0.0652953
0.5 0.26 0.0768348 0.0686893
0.6 0.26 0.0730743 0.0652968
0.7 0.26 0.0621607 0.0555695
0.8 0.26 0.0451624 0.0403565
0.9 0.26 0.0237433 0.0212254
1 0.26 0 0

0 0.27 0 0
0.1 0.27 0.0215118 0.019127
0.2 0.27 0.0409179 0.036445
0.3 0.27 0.0563187 0.0500772
0.4 0.27 0.0662066 0.0589661
0.5 0.27 0.0696137 0.0619027
0.6 0.27 0.0662066 0.0589621
0.7 0.27 0.0563187 0.0500837
0.8 0.27 0.0409179 0.0364384
0.9 0.27 0.0215118 0.0191311
1 0.27 0 0

0 0.28 0 0
0.1 0.28 0.0194901 0.017318
0.2 0.28 0.0370724 0.0327592
0.3 0.28 0.0510258 0.045334
0.4 0.28 0.0599844 0.0530138
0.5 0.28 0.0630713 0.0560255
0.6 0.28 0.0599844 0.0530244
0.7 0.28 0.0510258 0.0453168
0.8 0.28 0.0370724 0.0327764
0.9 0.28 0.0194901 0.0173073
1 0.28 0 0

0 0.29 0 0
0.1 0.29 0.0176584 0.0154412
0.2 0.29 0.0335883 0.0298928
0.3 0.29 0.0462303 0.0404389
0.4 0.29 0.0543469 0.0483457
0.5 0.29 0.0571437 0.0500127
0.6 0.29 0.0543469 0.0483178
0.7 0.29 0.0462303 0.040484
0.8 0.29 0.0335883 0.0298477
0.9 0.29 0.0176584 0.0154691
1 0.29 0 0

0 0.3 0 0
0.1 0.3 0.0159988 0.0144517
0.2 0.3 0.0304316 0.0259873
0.3 0.3 0.0418855 0.0377996
0.4 0.3 0.0492393 0.0421059
0.5 0.3 0.0517733 0.0466508
0.6 0.3 0.0492393 0.0421789
0.7 0.3 0.0418855 0.0376815
0.8 0.3 0.0304316 0.0261054
0.9 0.3 0.0159988 0.0143786
1 0.3 0 0

0 0.31 0 0
0.1 0.31 0.0144952 0.0115356
0.2 0.31 0.0275715 0.026264
0.3 0.31 0.037949 0.0302935
0.4 0.31 0.0446117 0.0423446
0.5 0.31 0.0469075 0.037634
0.6 0.31 0.0446117 0.0421534
0.7 0.31 0.037949 0.0306029
0.8 0.31 0.0275715 0.0259547
0.9 0.31 0.0144952 0.0117268
1 0.31 0 0

0 0.32 0 0
0.1 0.32 0.0131329 0.0147284
0.2 0.32 0.0249803 0.0155651
0.3 0.32 0.0343825 0.0383151
0.4 0.32 0.040419 0.0255829
0.5 0.32 0.0424991 0.046864
0.6 0.32 0.040419 0.0260835
0.7 0.32 0.0343825 0.0375051
0.8 0.32 0.0249803 0.016375
0.9 0.32 0.0131329 0.0142278
1 0.32 0 0

0 0.33 0 0
0.1 0.33 0.0118987 0.000836658
0.2 0.33 0.0226326 0.0374784
0.3 0.33 0.0311511 0.00283292
0.4 0.33 0.0366203 0.0595961
0.5 0.33 0.0385049 0.00480248
0.6 0.33 0.0366203 0.0582856
0.7 0.33 0.0311511 0.00495342
0.8 0.33 0.0226326 0.0353579
0.9 0.33 0.0118987 0.0021472
1 0.33 0 0

0 0.34 0 0
0.1 0.34 0.0107804 0.0366418
0.2 0.34 0.0205056 -0.0338089
0.3 0.34 0.0282235 0.0942416
0.4 0.34 0.0331787 -0.0519607
0.5 0.34 0.0348861 0.113079
0.6 0.34 0.0331787 -0.0485297
0.7 0.34 0.0282235 0.0886901
0.8 0.34 0.0205056 -0.0282573
0.9 0.34 0.0107804 0.0332107
1 0.34 0 0

0 0.35 0 0
0.1 0.35 0.00976725 -0.0704506
0.2 0.35 0.0185784 0.164692
0.3 0.35 0.025571 -0.180011
0.4 0.35 0.0300605 0.259282
0.5 0.35 0.0316075 -0.21357
0.6 0.35 0.0300605 0.250299
0.7 0.35 0.025571 -0.165477
0.8 0.35 0.0185784 0.150158
0.9 0.35 0.00976725 -0.061468
1 0.35 0 0

0 0.36 0 0
0.1 0.36 0.0088493 0.235143
0.2 0.36 0.0168324 -0.415154
0.3 0.36 0.0231678 0.603985
0.4 0.36 0.0272354 -0.652862
0.5 0.36 0.0286369 0.72315
0.6 0.36 0.0272354 -0.629346
0.7 0.36 0.0231678 0.565934
0.8 0.36 0.0168324 -0.377103
0.9 0.36 0.0088493 0.211626
1 0.36 0 0

0 0.37 0 0
0.1 0.37 0.00801763 -0.650297
0.2 0.37 0.0152504 1.25428
0.3 0.37 0.0209904 -1.672
0.4 0.37 0.0246757 1.98
0.5 0.37 0.0259456 -2.00536
0.6 0.37 0.0246757 1.91843
0.7 0.37 0.0209904 -1.57238
0.8 0.37 0.0152504 1.15466
0.9 0.37 0.00801763 -0.588729
1 0.37 0 0

0 0.38 0 0
0.1 0.38 0.00726412 1.90458
0.2 0.38 0.0138172 -3.57658
0.3 0.38 0.0190177 4.90628
0.4 0.38 0.0223567 -5.65736
0.5 0.38 0.0235072 5.90379
0.6 0.38 0.0223567 -5.49617
0.7 0.38 0.0190177 4.64548
0.8 0.38 0.0138172 -3.31578
0.9 0.38 0.00726412 1.74339
1 0.38 0 0

0 0.39 0 0
0.1 0.39 0.00658142 -5.48116
0.2 0.39 0.0125186 10.3874
0.3 0.39 0.0172304 -14.1402
0.4 0.39 0.0202555 16.4674
0.5 0.39 0.0212979 -17.0573
0.6 0.39 0.0202555 16.0454
0.7 0.39 0.0172304 -13.4574
0.8 0.39 0.0125186 9.70465
0.9 0.39 0.00658142 -5.05917
1 0.39 0 0

0 0.4 0 0
0.1 0.4 0.00596289 15.8686
0.2 0.4 0.0113421 -30.0088
0.3 0.4 0.015611 40.9951
0.4 0.4 0.0183519 -47.665
0.5 0.4 0.0192963 49.5702
0.6 0.4 0.0183519 -46.5602
0.7 0.4 0.015611 39.2075
0.8 0.4 0.0113421 -28.2212
0.9 0.4 0.00596289 14.7638
1 0.4 0 0

0 0.41 0 0
0.1 0.41 0.00540248 -45.8774
0.2 0.41 0.0102761 86.8725
0.3 0.41 0.0141439 -118.669
0.4 0.41 0.0166271 138.23
0.5 0.41 0.0174828 -143.795
0.6 0.41 0.0166271 135.338
0.7 0.41 0.0141439 -113.989
0.8 0.41 0.0102761 82.1926
0.9 0.41 0.00540248 -42.9851
1 0.41 0 0

0 0.42 0 0
0.1 0.42 0.00489475 132.75
0.2 0.42 0.00931036 -251.419
0.3 0.42 0.0128146 343.772
0.4 0.42 0.0150645 -400.694
0.5 0.42 0.0158397 417.363
0.6 0.42 0.0150645 -393.122
0.7 0.42 0.0128146 331.519
0.8 0.42 0.00931036 -239.167
0.9 0.42 0.00489475 125.178
1 0.42 0 0

0 0.43 0 0
0.1 0.43 0.00443473 -384.169
0.2 0.43 0.00843535 727.94
0.3 0.43 0.0116103 -995.885
0.4 0.43 0.0136487 1161.83
0.5 0.43 0.0143511 -1211.18
0.6 0.43 0.0136487 1142
0.7 0.43 0.0116103 -963.808
0.8 0.43 0.00843535 695.863
0.9 0.43 0.00443473 -364.344
1 0.43 0 0

0 0.44 0 0
0.1 0.44 0.00401794 1112.11
0.2 0.44 0.00764258 -2107.99
0.3 0.44 0.0105191 2885.65
0.4 0.44 0.012366 -3368.89
0.5 0.44 0.0130023 3515.01
0.6 0.44 0.012366 -3316.99
0.7 0.44 0.0105191 2801.68
0.8 0.44 0.00764258 -2024.02
0.9 0.44 0.00401794 1060.21
1 0.44 0 0

0 0.45 0 0
0.1 0.45 0.00364033 -3220.1
0.2 0.45 0.00692432 6105.76
0.3 0.45 0.00953051 -8362.54
0.4 0.45 0.0112038 9769.56
0.5 0.45 0.0117804 -10200.9
0.6 0.45 0.0112038 9633.68
0.7 0.45 0.00953051 -8142.68
0.8 0.45 0.00692432 5885.9
0.9 0.45 0.00364033 -3084.22
1 0.45 0 0

0 0.46 0 0
0.1 0.46 0.0032982 9325.86
0.2 0.46 0.00627356 -17688.4
0.3 0.46 0.00863481 24237.9
0.4 0.46 0.0101508 -28333
0.5 0.46 0.0106732 29604.1
0.6 0.46 0.0101508 -27977.3
0.7 0.46 0.00863481 23662.3
0.8 0.46 0.00627356 -17112.8
0.9 0.46 0.0032982 8970.12
1 0.46 0 0

0 0.47 0 0
0.1 0.47 0.00298823 -27014.3
0.2 0.47 0.00568396 51252.1
0.3 0.47 0.0078233 -70259.3
0.4 0.47 0.00919684 82175
0.5 0.47 0.00967012 -85914.4
0.6 0.47 0.00919684 81243.7
0.7 0.47 0.0078233 -68752.3
0.8 0.47 0.00568396 49745.2
0.9 0.47 0.00298823 -26082.9
1 0.47 0 0

0 0.48 0 0
0.1 0.48 0.00270739 78266.4
0.2 0.48 0.00514977 -148526
0.3 0.48 0.00708805 203686
0.4 0.48 0.0083325 -238349
0.5 0.48 0.00876131 249333
0.6 0.48 0.0083325 -235910
0.7 0.48 0.00708805 199741
0.8 0.48 0.00514977 -144580
0.9 0.48 0.00270739 75828.1
1 0.48 0 0

0 0.49 0 0
0.1 0.49 0.00245295 -226792
0.2 0.49 0.00466578 430478
0.3 0.49 0.0064219 -590561
0.4 0.49 0.00754939 691368
0.5 0.49 0.0079379 -723592
0.6 0.49 0.00754939 684985
0.7 0.49 0.0064219 -580232
0.8 0.49 0.00466578 420150
0.9 0.49 0.00245295 -220409
1 0.49 0 0

0 0.5 0 0
0.1 0.5 0.00222241 657271
0.2 0.5 0.00422728 -1.24783e+06
0.3 0.5 0.00581836 1.71241e+06
0.4 0.5 0.00683989 -2.00552e+06
0.5 0.5 0.00719188 2.09995e+06
0.6 0.5 0.00683989 -1.98881e+06
0.7 0.5 0.00581836 1.68537e+06
0.8 0.5 0.00422728 -1.22079e+06
0.9 0.5 0.00222241 640558
1 0.5 0 0

